box: 0.591925527882076
cls: 0.5729338401960319
copy_paste: 0.115
degrees: 0.0735
dfl: 1.7402192063418433
fl_gamma: 0.0
fliplr: 0.5
flipud: 0.361
hsv_h: 0.0133
hsv_s: 0.69
hsv_v: 0.417
label_smoothing: 0.0
lr0: 0.001
lrf: 0.3548548739504005
mixup: 0.0916
momentum: 0.820786465944678
mosaic: 0.7
nbs: 64
perspective: 0
scale: 0.72
shear: 0.537
translate: 0.0624
warmup_bias_lr: 0.21330868522848334
warmup_epochs: 2.1504921408350897
warmup_momentum: 0.02636322271681324
weight_decay: 0.7018849231745661
